STARLINK-31363          
1 59782U 24093A   24168.91667824 -.00022434  00000+0 -53070-3 0  9997
2 59782  42.9999 199.2198 0001872 260.2936  48.0003 15.40735283  5907
STARLINK-31868          
1 59783U 24093B   24168.39728383  .00148347  00000+0  11068-2 0  9998
2 59783  42.9983 202.1014 0001991 289.1742  70.8910 15.71523003  5829
STARLINK-31848          
1 59784U 24093C   24168.41667824 -.00043050  00000+0 -10283-2 0  9999
2 59784  42.9996 203.4708 0001392 285.9174 298.4530 15.40723903  5908
STARLINK-31890          
1 59785U 24093D   24168.91667824  .00014896  00000+0  36294-3 0  9990
2 59785  43.0000 200.5567 0001496 269.6759 223.6504 15.40718964  5970
STARLINK-31862          
1 59786U 24093E   24168.91667824 -.00023658  00000+0 -56066-3 0  9998
2 59786  43.0001 200.4961 0001722 276.2078 242.0593 15.40708977  5739
STARLINK-31870          
1 59787U 24093F   24168.91667824 -.00003313  00000+0 -72101-4 0  9994
2 59787  43.0000 200.5265 0002057 292.2313 213.5942 15.40681727  5913
STARLINK-31888          
1 59788U 24093G   24168.91667824  .00040984  00000+0  98210-3 0  9996
2 59788  43.0001 200.4350 0001726 257.1498 285.8395 15.40730581  5833
STARLINK-31863          
1 59789U 24093H   24168.91667824  .00032988  00000+0  79395-3 0  9995
2 59789  43.0001 200.4658 0000691 287.6563 243.0078 15.40684730  5889
STARLINK-31873          
1 59790U 24093J   24168.91667824  .00029592  00000+0  71355-3 0  9992
2 59790  43.0001 200.4042 0001011 251.0751 304.5142 15.40673740  5962
STARLINK-31865          
1 59791U 24093K   24168.91667824  .00012772  00000+0  31265-3 0  9991
2 59791  43.0002 200.3738 0001192 278.6856 289.3431 15.40686000  5960
STARLINK-31893          
1 59792U 24093L   24168.91667824  .00004389  00000+0  11232-3 0  9999
2 59792  43.0002 200.3432 0001131 281.2601 299.2126 15.40687625  5890
STARLINK-31901          
1 59793U 24093M   24168.91667824 -.00403805  00000+0 -10101-1 0  9990
2 59793  43.0001 200.3123 0001531 295.5252 297.2679 15.40932725  5885
STARLINK-31823          
1 59794U 24093N   24168.91667824 -.02107949  00000+0 -53220-1 0  9992
2 59794  43.0001 200.2861 0001212 261.3615 342.3466 15.42756667  5892
STARLINK-31916          
1 59795U 24093P   24168.91667824 -.02165668  00000+0 -52277-1 0  9996
2 59795  43.0000 200.2628 0001280 260.3464 352.8504 15.44174027  5894
STARLINK-31907          
1 59797U 24093R   24168.91667824 -.02165880  00000+0 -49831-1 0  9996
2 59797  43.0001 200.2424 0001430 260.9364   0.2731 15.45563823  5841
STARLINK-31687          
1 59798U 24093S   24168.80106572 -.00001071  00000+0 -12435-4 0  9995
2 59798  43.0007 200.8560 0001294 262.9503  97.1210 15.50579438  5875
STARLINK-31810          
1 59799U 24093T   24168.80209555 -.00000983  00000+0 -10941-4 0  9992
2 59799  42.9998 200.8654 0000933 265.5847  94.4907 15.50572460  5877
STARLINK-31812          
1 59800U 24093U   24168.91667824 -.02165294  00000+0 -47884-1 0  9996
2 59800  43.0000 200.2235 0001335 261.7108   7.2163 15.46700173  5954
STARLINK-31815          
1 59801U 24093V   24168.80327789 -.00169214  00000+0 -30290-2 0  9996
2 59801  43.0025 200.8749 0001379 347.0825  12.9999 15.49753053  5879
STARLINK-31814          
1 59802U 24093W   24168.91667824 -.00891774  00000+0 -13134-1 0  9996
2 59802  42.9992 199.5626 0001043 301.2564 237.8671 15.57156952  5890
STARLINK-31794          
1 59803U 24093X   24168.80140746  .00000343  00000+0  11670-4 0  9992
2 59803  43.0000 200.8575 0001390 298.6528  61.4192 15.50577238  5948
STARLINK-31824          
1 59804U 24093Y   24168.80175417 -.00000450  00000+0 -18592-5 0  9998
2 59804  43.0001 200.8608 0001025 241.3010 118.7747 15.50569724  5878
2024-094A               
1 59805U 24094A   24168.89170518  .00015824  00000+0  66217-3 0  9990
2 59805  97.4719 239.6781 0009488 179.3962 180.7288 15.23615174  4225
2024-094B               
1 59806U 24094B   24168.93653229  .00016897  00000+0  67759-3 0  9994
2 59806  97.4715 239.7693 0012305 185.3936 174.7171 15.25007306  4223
2024-094C               
1 59807U 24094C   24168.82764700  .00017121  00000+0  71367-3 0  9991
2 59807  97.4784 239.6500 0008594 161.1987 297.4406 15.23736150  4205
2024-094D               
1 59808U 24094D   24168.90251709  .00014418  00000+0  62436-3 0  9994
2 59808  97.4711 239.6614 0007996 216.4783 143.5909 15.22485813  4211
2024-092K               
1 59809U 24092K   24168.93552529  .00009664  00000+0  62744-3 0  9999
2 59809  97.5981 280.7648 0013809 172.1763 187.9683 15.08179450  4157
2024-095A               
1 59810U 24095A   24168.89707582  .00009317  00000+0  54800-3 0  9999
2 59810  97.6012 244.1256 0011371 174.3866 185.7493 15.11825237  4042
2024-095B               
1 59811U 24095B   24168.89818162  .00004173  00000+0  24910-3 0  9991
2 59811  97.6019 244.1297 0011123 176.4278 183.7033 15.11629740  4049
2024-095C               
1 59812U 24095C   24168.89073241  .00013639  00000+0  78947-3 0  9999
2 59812  97.6004 244.1273 0010625 180.6636 179.4582 15.12310388  4046
2024-095D               
1 59813U 24095D   24168.88640495  .00014419  00000+0  82823-3 0  9995
2 59813  97.6009 244.1351 0009583 179.4629 180.6613 15.12582733  4042
STARLINK-31947          
1 59835U 24097A   24168.91667824  .00005844  00000+0  14710-3 0  9992
2 59835  42.9997 267.4538 0001511 272.9348  37.0053 15.40688717  5178
STARLINK-31929          
1 59836U 24097B   24168.64856133  .00001002  00000+0  22900-4 0  9999
2 59836  42.9992 268.7583 0001379 292.4130  67.6583 15.50578868  5056
STARLINK-31927          
1 59837U 24097C   24168.91667824 -.02062103  00000+0 -52215-1 0  9999
2 59837  42.9991 267.2460 0001144 266.9956 128.6355 15.42588044  5127
STARLINK-31855          
1 59838U 24097D   24168.64805733 -.00000215  00000+0  21665-5 0  9995
2 59838  42.9994 268.7531 0001648 267.1632  92.9040 15.50570867  5058
STARLINK-31887          
1 59839U 24097E   24168.91667824 -.00055725  00000+0 -13352-2 0  9991
2 59839  42.9994 267.3320 0001664 259.9805  99.7199 15.40727939  5063
STARLINK-31925          
1 59840U 24097F   24168.64756539 -.00006439  00000+0 -10389-3 0  9991
2 59840  42.9993 268.7498 0009521 319.4694  40.5457 15.50532256  5050
STARLINK-31852          
1 59841U 24097G   24168.91667824 -.00024346  00000+0 -41027-3 0  9990
2 59841  42.9990 267.1725 0001533 273.5149 152.1416 15.50591184  5166
STARLINK-31906          
1 59842U 24097H   24167.91667824 -.01799523  00000+0 -33979-1 0  9992
2 59842  42.9992 273.0164 0001288 265.9733 332.2985 15.51065601  5009
STARLINK-31857          
1 59843U 24097J   24168.64675336  .00030856  00000+0  52865-3 0  9992
2 59843  42.9994 268.7443 0001691 318.1998  41.8733 15.50635058  5052
STARLINK-31851          
1 59844U 24097K   24168.91667824  .00001168  00000+0  35209-4 0  9994
2 59844  42.9995 267.3910 0001426 293.8701  40.9392 15.40704997  5166
STARLINK-31903          
1 59845U 24097L   24168.64625312 -.00000380  00000+0 -65901-6 0  9992
2 59845  42.9987 268.7382 0001772 265.5569  94.5088 15.50579415  5059
STARLINK-31922          
1 59846U 24097M   24168.64599865  .00004609  00000+0  84342-4 0  9990
2 59846  42.9993 268.7356 0001362 275.8313  84.2392 15.50580131  5055
STARLINK-31889          
1 59847U 24097N   24167.91667824 -.00803269  00000+0 -14762-1 0  9998
2 59847  42.9992 272.9979 0001507 270.0208 335.4471 15.50879101  4960
STARLINK-31859          
1 59848U 24097P   24168.70991005 -.00001678  00000+0 -22799-4 0  9994
2 59848  42.9990 268.3535 0001479 284.3948  75.6747 15.50565688  5066
STARLINK-31895          
1 59849U 24097Q   24168.91667824  .00037444  00000+0  89947-3 0  9992
2 59849  42.9994 267.3603 0001659 263.2675  83.9450 15.40692103  5121
STARLINK-31899          
1 59850U 24097R   24168.91667824  .00037485  00000+0  90004-3 0  9995
2 59850  42.9992 267.2993 0001535 269.3525 102.7108 15.40705334  5127
STARLINK-31896          
1 59851U 24097S   24168.91667824 -.00001240  00000+0 -22421-4 0  9997
2 59851  42.9991 267.2690 0001460 260.5767 123.9893 15.40714533  5160
STARLINK-31897          
1 59852U 24097T   24168.91667824 -.00456860  00000+0 -11487-1 0  9997
2 59852  42.9993 267.2084 0001894 264.9683 144.3645 15.40984908  5129
STARLINK-31892          
1 59853U 24097U   24167.91667824 -.00133469  00000+0 -23044-2 0  9997
2 59853  42.9992 272.9760 0001839 279.5486 334.5542 15.50623670  4962
STARLINK-31891          
1 59854U 24097V   24168.70841586 -.00036879  00000+0 -62850-3 0  9991
2 59854  42.9985 268.3421 0002571 245.9895 114.0696 15.50453333  5063
STARLINK-31882          
1 59855U 24097W   24168.70811523  .00008007  00000+0  14216-3 0  9993
2 59855  42.9979 268.3386 0001738 356.5977   3.4871 15.50581693  5068
STARLINK-31691          
1 59856U 24097X   24168.70784969  .00007276  00000+0  12968-3 0  9996
2 59856  43.0005 268.3363 0001311 269.2024  90.8686 15.50591574  5069
STARLINK-31569          
1 59857U 24097Y   24168.91667824 -.01568480  00000+0 -40105-1 0  9994
2 59857  42.9993 267.1789 0001402 278.2956 142.8856 15.41909409  5177
STARLINK-31654          
1 59858U 24098A   24168.91667824  .00002046  00000+0  56234-4 0  9997
2 59858  42.9993 276.3419 0002322 267.6152 355.3503 15.40697176  5008
STARLINK-31442          
1 59859U 24098B   24168.91667824 -.01730806  00000+0 -31045-1 0  9993
2 59859  42.9994 275.2368 0001296 263.6421  86.1170 15.52349202  4358
STARLINK-31651          
1 59860U 24098C   24168.91667824 -.01247569  00000+0 -23085-1 0  9999
2 59860  42.9994 276.2402 0001176 274.3536  30.0303 15.50990719  4307
STARLINK-31703          
1 59861U 24098D   24168.91667824 -.00065148  00000+0 -11125-2 0  9993
2 59861  42.9992 276.2370 0001546 273.8162  32.0631 15.50614227  4358
STARLINK-31584          
1 59862U 24098E   24168.91667824 -.02186094  00000+0 -51814-1 0  9998
2 59862  42.9994 276.2650 0001508 263.1014  31.0206 15.44739743  4191
STARLINK-31950          
1 59863U 24098F   24168.91667824 -.00035736  00000+0 -60577-3 0  9991
2 59863  42.9993 276.2293 0001716 259.6627  49.0891 15.50593320  4358
STARLINK-31931          
1 59864U 24098G   24168.91667824 -.00052552  00000+0 -89516-3 0  9991
2 59864  42.9993 276.2260 0001700 257.0905  53.0917 15.50603448  4354
STARLINK-31938          
1 59865U 24098H   24168.91667824 -.00057025  00000+0 -97231-3 0  9995
2 59865  42.9992 276.2215 0002039 270.5453  41.0724 15.50605282  5002
STARLINK-31941          
1 59866U 24098J   24168.91667824  .00339557  00000+0  11052-2 0  9993
2 59866  43.0026 273.8569 0007717 349.0519 195.7266 15.89010712  4389
STARLINK-31952          
1 59867U 24098K   24168.91667824 -.00154266  00000+0 -26740-2 0  9998
2 59867  42.9993 276.2146 0001976 275.3809  39.2444 15.50596235  4357
STARLINK-31921          
1 59868U 24098L   24168.65857146  .00829426  35086-3  11959-2 0  9995
2 59868  42.9980 273.0956 0001171 284.9234  75.1516 16.04557653  4971
STARLINK-31760          
1 59869U 24098M   24168.91667824 -.00037052  00000+0 -62830-3 0  9994
2 59869  42.9993 276.2076 0001287 280.5131  36.8303 15.50598720  4350
STARLINK-31945          
1 59870U 24098N   24168.91667824  .00042412  00000+0  10176-2 0  9995
2 59870  42.9992 276.3095 0000911 257.0766  18.2960 15.40680118  4354
STARLINK-31937          
1 59871U 24098P   24168.91667824 -.00405047  00000+0 -10137-1 0  9991
2 59871  42.9993 276.2786 0001438 302.2210 345.5144 15.40923437  4369
STARLINK-31944          
1 59872U 24098Q   24168.68867892  .00145046  00000+0  83002-3 0  9994
2 59872  43.0018 276.0671 0002397 273.7993  86.2603 15.77644344  4946
STARLINK-31940          
1 59873U 24098R   24168.91667824 -.02180521  00000+0 -52459-1 0  9995
2 59873  42.9993 276.2291 0001372 272.3783  35.4582 15.44297716  4191
STARLINK-31933          
1 59874U 24098S   24168.91667824 -.02182687  00000+0 -49941-1 0  9993
2 59874  42.9994 276.2109 0001426 282.6660  32.8218 15.45752929  4368
STARLINK-31936          
1 59875U 24098T   24166.53063851 -.00474183  00000+0 -29715-2 0  9991
2 59875  43.0026 289.1262 0001990 276.4673  83.5970 15.77128443  4609
STARLINK-31935          
1 59876U 24098U   24168.91667824 -.00140998  00000+0 -24359-2 0  9999
2 59876  42.9992 276.1816 0001748 267.7634  59.6217 15.50637176  4362
STARLINK-31934          
1 59877U 24098V   24168.91667824 -.00029464  00000+0 -49794-3 0  9995
2 59877  42.9992 276.1776 0001572 276.4711  52.3403 15.50598858  4366
STARLINK-31943          
1 59878U 24098W   24168.91667824 -.00020121  00000+0 -33793-3 0  9999
2 59878  42.9993 276.1738 0001438 272.4803  57.7587 15.50586969  4312
STARLINK-31926          
1 59879U 24098X   24167.57703024 -.00471701  00000+0 -24215-2 0  9996
2 59879  43.0023 282.3319 0002210 300.5670  59.4983 15.81478210  4779
STARLINK-31919          
1 59880U 24098Y   24168.91667824 -.01956372  00000+0 -36634-1 0  9994
2 59880  42.9994 276.1669 0001688 265.7491  67.2999 15.51027776  5001
PREFIRE-2               
1 59881U 24099A   24168.65273288  .00003807  00000+0  22491-3 0  9995
2 59881  97.4970  26.0968 0013283 220.8047 139.2189 15.12026747  3371
ELECTRON KICK STAGE R/B 
1 59883U 24099C   24168.86008875  .00019509  00000+0  75396-3 0  9996
2 59883  97.5033  26.7477 0048445 301.0534  58.5952 15.25168260  3425
STARLINK-31974          
1 59885U 24100A   24168.91667824 -.01736198  00000+0 -23327-1 0  9990
2 59885  42.9998 121.5813 0001169 276.8134 194.4436 15.60059605  4223
STARLINK-31975          
1 59886U 24100B   24168.91667824 -.01732965  00000+0 -23284-1 0  9991
2 59886  42.9998 121.5753 0001127 272.5383 200.6708 15.60053809  4312
STARLINK-31976          
1 59887U 24100C   24166.25521744 -.00570155  00000+0 -31525-2 0  9995
2 59887  43.0040 137.1300 0001124 246.9502 113.1250 15.80134531  3884
STARLINK-31965          
1 59888U 24100D   24168.91667824 -.01735764  00000+0 -23330-1 0  9995
2 59888  43.0000 121.5652 0001329 272.7054 204.4066 15.60047592  4219
STARLINK-31969          
1 59889U 24100E   24168.91667824 -.01731669  00000+0 -23274-1 0  9993
2 59889  43.0001 121.5611 0001379 276.8975 202.1670 15.60041011  4326
STARLINK-31951          
1 59890U 24100F   24168.91667824 -.01727886  00000+0 -23223-1 0  9995
2 59890  43.0001 121.5557 0001473 269.1232 211.8947 15.60033681  4220
STARLINK-31949          
1 59891U 24100G   24168.91667824 -.01730106  00000+0 -23259-1 0  9994
2 59891  43.0001 121.5509 0001310 269.5475 213.4203 15.60032230  4223
STARLINK-31977          
1 59892U 24100H   24168.91667824 -.01733015  00000+0 -23304-1 0  9998
2 59892  43.0001 121.5457 0001386 273.9194 210.9993 15.60030088  4313
STARLINK-31963          
1 59893U 24100J   24168.91667824 -.01738160  00000+0 -23383-1 0  9992
2 59893  43.0000 121.5413 0001152 278.4597 208.4082 15.60030413  4316
STARLINK-31961          
1 59894U 24100K   24168.91667824 -.01730628  00000+0 -23277-1 0  9996
2 59894  43.0001 121.5355 0001307 275.3100 213.5118 15.60020973  4318
STARLINK-31964          
1 59895U 24100L   24168.91667824 -.01731911  00000+0 -23298-1 0  9996
2 59895  43.0002 121.5307 0001454 273.0422 217.7310 15.60017702  4262
STARLINK-31905          
1 59896U 24100M   24168.91667824 -.01732631  00000+0 -23313-1 0  9995
2 59896  43.0000 121.5251 0001276 274.6002 218.1239 15.60014713  4323
STARLINK-31928          
1 59897U 24100N   24168.91667824 -.01737872  00000+0 -23393-1 0  9996
2 59897  43.0001 121.5204 0001146 277.0287 217.6450 15.60014629  4225
STARLINK-31953          
1 59898U 24100P   24168.91667824 -.01734721  00000+0 -23348-1 0  9997
2 59898  43.0001 121.5154 0001540 272.1508 224.4751 15.60008303  4312
STARLINK-31942          
1 59899U 24100Q   24168.91667824 -.01733673  00000+0 -23338-1 0  9992
2 59899  43.0002 121.5102 0001376 271.3598 227.2185 15.60003454  4318
STARLINK-31676          
1 59900U 24100R   24168.91667824 -.01734060  00000+0 -23349-1 0  9998
2 59900  43.0001 121.5054 0001096 269.2563 231.2728 15.60000272  4226
STARLINK-31908          
1 59901U 24100S   24168.91667824 -.01731671  00000+0 -23317-1 0  9999
2 59901  43.0002 121.5010 0001259 271.1454 231.3361 15.59994425  4316
STARLINK-31914          
1 59902U 24100T   24168.91667824 -.01526490  00000+0 -20772-1 0  9993
2 59902  43.0000 121.4956 0001130 251.1864 253.3411 15.59836254  4229
STARLINK-31850          
1 59903U 24100U   24168.91667824 -.01731329  00000+0 -23318-1 0  9992
2 59903  43.0001 121.4905 0001381 276.1328 230.2511 15.59986471  4261
STARLINK-31924          
1 59904U 24100V   24168.91667824 -.01733979  00000+0 -23363-1 0  9996
2 59904  43.0002 121.4813 0001421 269.3903 240.8955 15.59980442  4215
STARLINK-31898          
1 59905U 24100W   24168.91667824 -.01733524  00000+0 -23354-1 0  9993
2 59905  43.0002 121.4863 0001271 267.7029 240.6317 15.59984211  4314
STARLINK-31861          
1 59906U 24100X   24168.91667824 -.01733532  00000+0 -23361-1 0  9991
2 59906  43.0002 121.4758 0001296 272.5907 239.6464 15.59976359  4218
STARLINK-31920          
1 59907U 24100Y   24168.91667824 -.01733109  00000+0 -23360-1 0  9991
2 59907  43.0001 121.4705 0001045 260.6827 253.5053 15.59972664  4226
EARTHCARE               
1 59908U 24101A   24168.90058041  .00016228  00000+0  25189-3 0  9993
2 59908  96.9794 296.6911 0005390 105.9399 254.2450 15.54032191  2942
TIANQI 25               
1 59909U 24102A   24167.59667824  .00000574  00000+0  38609-3 0  9992
2 59909  44.9791 277.3514 0010487  32.1489 155.8719 14.11599938  2440
TIANQI 26               
1 59910U 24102B   24168.43408775  .00000474  00000+0  33010-3 0  9996
2 59910  44.9742 273.5218 0010640  40.4268  96.7174 14.11774698  2564
TIANQI 27               
1 59911U 24102C   24168.43068772  .00000430  00000+0  30470-3 0  9995
2 59911  44.9803 273.5204 0010832  43.6490  90.4852 14.12083266  2551
TIANQI 28               
1 59912U 24102D   24168.82857399  .00000063  00000+0  10647-3 0  9996
2 59912  44.9786 271.7073 0012403  44.8899 315.2940 14.11954129  2615
PROGRESS-MS 27          
1 59913U 24103A   24168.56180588  .00013580  00000+0  25005-3 0  9990
2 59913  51.6405 318.3662 0010441 334.1523  70.8721 15.49431393458453
PAKSAT-MM1              
1 59915U 24104A   24167.44507792  .00000169  00000+0  00000+0 0  9992
2 59915   0.0032 242.7669 0000745 241.5085 338.4041  1.00275061   266
CZ-3B R/B               
1 59916U 24104B   24167.84580991  .00100516  70781-6  34961-2 0  9992
2 59916  26.7946  62.3305 7193348 189.4209 140.8110  2.43337023   409
2024-105A               
1 59917U 24105A   24168.40491882  .00000290  00000+0  22258-4 0  9993
2 59917  97.6025 174.7237 0014021 221.8515 138.1642 15.09194436  2486
2024-105B               
1 59918U 24105B   24168.93583943  .00003817  00000+0  24401-3 0  9991
2 59918  97.6025 175.2494 0012544 228.6014 131.4137 15.09167109  2566
2024-105C               
1 59919U 24105C   24168.93215392  .00004501  00000+0  28331-3 0  9999
2 59919  97.5988 175.2463 0014116 224.4912 135.5184 15.09624941  2567
2024-105D               
1 59920U 24105D   24168.93296502  .00005254  00000+0  33051-3 0  9994
2 59920  97.6054 175.2596 0014046 222.8217 137.1919 15.09565366  2562
2024-105E               
1 59921U 24105E   24168.93309403  .00004545  00000+0  28668-3 0  9990
2 59921  97.5991 175.2457 0013991 223.0753 136.9382 15.09539714  2563
STARLINK-31872          
1 59922U 24106A   24168.91667824 -.00749151  00000+0 -49307-2 0  9997
2 59922  43.0025 328.6995 0001887 277.8610  65.1964 15.76758016  3684
STARLINK-31972          
1 59923U 24106B   24168.91667824 -.00755756  00000+0 -49964-2 0  9995
2 59923  43.0024 328.6923 0001764 286.6752  58.9799 15.76676987  3732
STARLINK-31958          
1 59924U 24106C   24168.91667824 -.00764172  00000+0 -50635-2 0  9995
2 59924  43.0023 328.6868 0001533 278.0239  69.8609 15.76650695  3682
STARLINK-31959          
1 59925U 24106D   24168.91667824 -.00764726  00000+0 -50751-2 0  9990
2 59925  43.0022 328.6808 0002012 279.4807  70.6695 15.76612945  3686
STARLINK-31957          
1 59926U 24106E   24168.91667824 -.00776451  00000+0 -51789-2 0  9991
2 59926  43.0022 328.6745 0001496 283.4545  69.2370 15.76536247  3736
STARLINK-31968          
1 59927U 24106F   24168.91667824 -.00780441  00000+0 -52107-2 0  9991
2 59927  43.0022 328.6692 0001483 277.1573  77.6403 15.76524709  3735
STARLINK-31970          
1 59928U 24106G   24168.91667824 -.00784738  00000+0 -52484-2 0  9993
2 59928  43.0020 328.6631 0001529 279.0761  77.9197 15.76497342  3733
STARLINK-31932          
1 59929U 24106H   24165.83335648 -.00997641  31898-3 -21205-2 0  9997
2 59929  43.0015 346.6067 0001569 286.2084 145.2912 15.97787777  3206
STARLINK-31956          
1 59930U 24106J   24168.91667824 -.00812033  00000+0 -55276-2 0  9998
2 59930  43.0019 328.6530 0001547 284.5408  76.3101 15.76174946  3685
STARLINK-31960          
1 59931U 24106K   24168.91667824 -.00836537  00000+0 -57669-2 0  9992
2 59931  43.0018 328.6453 0001629 280.9818  82.9596 15.75956122  3667
STARLINK-31432          
1 59932U 24106L   24168.91667824 -.01147513  00000+0 -67610-2 0  9990
2 59932  43.0023 328.4619 0001385 269.9685 167.2586 15.79795393  3698
STARLINK-31853          
1 59933U 24106M   24168.91667824 -.00851746  00000+0 -59304-2 0  9991
2 59933  43.0015 328.6330 0002084 273.6584  95.1034 15.75769265  3680
STARLINK-31971          
1 59934U 24106N   24168.91667824 -.01112673  38006-3 -26910-2 0  9990
2 59934  42.9990 327.0518 0001601 273.8411   0.0423 15.95460913  3516
STARLINK-31301          
1 59935U 24106P   24168.91667824 -.00872752  00000+0 -61476-2 0  9996
2 59935  43.0014 328.6204 0001906 273.4421 100.1095 15.75566672  3716
STARLINK-31962          
1 59936U 24106Q   24168.91667824 -.00875182  00000+0 -61695-2 0  9990
2 59936  43.0013 328.6150 0001780 275.5224 100.0763 15.75557073  3660
STARLINK-31879          
1 59937U 24106R   24168.91667824 -.00889916  00000+0 -63273-2 0  9995
2 59937  43.0011 328.6036 0001484 268.0960 112.0151 15.75407100  3734
STARLINK-31876          
1 59938U 24106S   24168.91667824 -.00890242  00000+0 -63162-2 0  9997
2 59938  43.0011 328.6088 0001802 275.1704 102.7959 15.75452857  3686
STARLINK-31955          
1 59939U 24106T   24168.91667824 -.00890352  00000+0 -63339-2 0  9996
2 59939  43.0012 328.5984 0001597 279.6507 102.5063 15.75394725  3710
STARLINK-31946          
1 59940U 24106U   24168.91667824 -.00898068  00000+0 -63998-2 0  9991
2 59940  43.0010 328.5928 0001379 275.4876 108.7368 15.75379222  3710
STARLINK-31948          
1 59941U 24106V   24168.91667824 -.00946373  27386-3 -27167-2 0  9993
2 59941  42.9996 327.3440 0001721 266.3875 252.4465 15.92212349  3672
STARLINK-31900          
1 59942U 24106W   24168.91667824 -.00916112  00000+0 -65746-2 0  9997
2 59942  43.0011 328.5823 0001599 279.5609 109.0151 15.75267574  3686
STARLINK-31973          
1 59943U 24106X   24168.91667824 -.00920890  00000+0 -66473-2 0  9994
2 59943  43.0011 328.5708 0001839 272.0713 120.8255 15.75147215  3663
STARLINK-31966          
1 59944U 24106Y   24168.91667824 -.00917429  00000+0 -66278-2 0  9992
2 59944  43.0011 328.5758 0001695 275.9143 115.0319 15.75120323  3734
STARLINK-11145 [DTC]    
1 59945U 24107A   24168.91667824 -.01493352  00000+0 -82763-2 0  9996
2 59945  53.1526 125.0644 0001175 138.1022 344.6576 15.81617664  3024
STARLINK-11121 [DTC]    
1 59946U 24107B   24168.91667824 -.01350743  00000+0 -71888-2 0  9999
2 59946  53.1528 125.0316 0000979 131.4945   7.2828 15.82660079  3092
STARLINK-11113 [DTC]    
1 59947U 24107C   24168.91667824 -.00677969  15164-3 -20371-2 0  9993
2 59947  53.1525 124.7533 0001100 116.0450 157.3264 15.91513918  3027
STARLINK-11123 [DTC]    
1 59948U 24107D   24168.91667824 -.01497896  00000+0 -76741-2 0  9995
2 59948  53.1529 125.0154 0001394  88.6921  57.8275 15.83281097  3080
STARLINK-11138 [DTC]    
1 59949U 24107E   24168.91667824 -.01504832  00000+0 -75274-2 0  9995
2 59949  53.1530 124.9999 0001100  96.8120  57.2850 15.83796150  3078
STARLINK-11130 [DTC]    
1 59950U 24107F   24168.91667824 -.01317272  00000+0 -64795-2 0  9993
2 59950  53.1530 124.9855 0001352 113.9438  47.1411 15.84224753  3025
STARLINK-11126 [DTC]    
1 59951U 24107G   24168.91667824 -.00902516  00000+0 -42969-2 0  9993
2 59951  53.1530 124.9703 0001340 116.8687  51.4937 15.84358971  3080
STARLINK-11124 [DTC]    
1 59952U 24107H   24168.91667824 -.00715238  00000+0 -33049-2 0  9996
2 59952  53.1532 124.9563 0001305 115.4499  59.8233 15.84529002  3091
STARLINK-11143 [DTC]    
1 59953U 24107J   24168.91667824 -.00702124  00000+0 -32042-2 0  9999
2 59953  53.1532 124.9421 0001066 117.5135  64.6242 15.84757155  3028
STARLINK-11133 [DTC]    
1 59954U 24107K   24168.91667824 -.00692584  00000+0 -31210-2 0  9994
2 59954  53.1532 124.9285 0001480 104.0256  84.6904 15.84992147  3021
STARLINK-11144 [DTC]    
1 59955U 24107L   24168.91667824 -.00700617  00000+0 -31275-2 0  9993
2 59955  53.1532 124.9139 0001358 114.9423  80.9032 15.85206842  3088
STARLINK-11134 [DTC]    
1 59956U 24107M   24168.91667824 -.00694224  00000+0 -30662-2 0  9999
2 59956  53.1533 124.8998 0000765 107.8080  94.9553 15.85414708  2706
STARLINK-11142 [DTC]    
1 59957U 24107N   24168.91667824 -.00688521  00000+0 -30057-2 0  9991
2 59957  53.1533 124.8868 0000906 115.6818  93.3854 15.85639922  3026
STARLINK-31995          
1 59958U 24107P   24168.91667824 -.00882385  00000+0 -44432-2 0  9998
2 59958  53.1526 124.9102 0001397  97.8349  99.4860 15.83140229  2978
STARLINK-31989          
1 59959U 24107Q   24168.91667824 -.00874206  00000+0 -43949-2 0  9994
2 59959  53.1527 124.9178 0001118 102.3645  91.3081 15.83156557  3096
STARLINK-31856          
1 59960U 24107R   24168.91667824 -.00915971  00000+0 -46375-2 0  9997
2 59960  53.1524 124.8947 0001428 110.9970  93.7777 15.83108845  3093
STARLINK-31993          
1 59961U 24107S   24168.91667824 -.00903553  00000+0 -45651-2 0  9997
2 59961  53.1526 124.9018 0001454 100.2444 101.0771 15.83121541  2974
STARLINK-31980          
1 59962U 24107T   24168.91667824 -.00921399  00000+0 -46743-2 0  9999
2 59962  53.1525 124.8866 0001208  95.0223 113.4570 15.83082605  3092
STARLINK-31991          
1 59963U 24107U   24168.91667824 -.00935421  00000+0 -47567-2 0  9996
2 59963  53.1525 124.8793 0001394  96.9697 115.0486 15.83065957  3098
STARLINK-31979          
1 59964U 24107V   24168.91667824 -.00946637  00000+0 -48246-2 0  9993
2 59964  53.1524 124.8722 0001285 115.0150 100.4463 15.83047735  2979
PREFIRE-1               
1 59965U 24108A   24168.94584643  .00005093  00000+0  30100-3 0  9996
2 59965  97.4519 319.7577 0012539 260.8337  99.1475 15.11855796  1788
ELECTRON R/B            
1 59966U 24108B   24168.58915510  .03961063  22145-5  11999-2 0  9993
2 59966  97.4847 320.8225 0108873 184.7426 238.0390 16.13374223  1803
ELECTRON KICK STAGE R/B 
1 59967U 24108C   24168.90965028  .00023190  00000+0  88799-3 0  9999
2 59967  97.4367 319.9360 0051590 343.6227  16.3341 15.25285469  1783
STARLINER CFT-1         
1 59968U 24109A   24168.81173549  .00015933  00000+0  29176-3 0  9990
2 59968  51.6395 317.1350 0010320 333.6635  26.3828 15.49442640  1541
2024-110A               
1 60012U 24110A   24168.88230366  .00008178  00000+0  56110-3 0  9993
2 60012  97.6006 255.4661 0012609 248.7054 111.2827 15.06198153  1604
2024-110B               
1 60013U 24110B   24168.88079358  .00006320  00000+0  43252-3 0  9996
2 60013  97.6008 255.4684 0011933 255.0570 104.9336 15.06391090  1604
2024-110C               
1 60014U 24110C   24168.94642208  .00003448  00000+0  23749-3 0  9991
2 60014  97.6008 255.5348 0012377 257.1760 102.8085 15.06471981  1617
2024-110D               
1 60015U 24110D   24168.94559150  .00006333  00000+0  43067-3 0  9996
2 60015  97.6006 255.5358 0012873 257.9966 101.9818 15.06621888  1600
STARLINK-31978          
1 60016U 24111A   24168.91667824 -.00841598  22151-3 -26326-2 0  9998
2 60016  53.1510 137.8515 0001355 106.3243   1.1452 15.90767467  1593
STARLINK-31987          
1 60017U 24111B   24168.91667824 -.00840001  22082-3 -26236-2 0  9990
2 60017  53.1510 137.8480 0001419 105.3423   3.8599 15.90796747  1544
STARLINK-31984          
1 60018U 24111C   24168.91667824 -.00852998  22712-3 -26574-2 0  9994
2 60018  53.1510 137.8437 0001219  91.3910  19.9621 15.90849698  1548
STARLINK-31986          
1 60019U 24111D   24168.91667824 -.00856301  22881-3 -26612-2 0  9997
2 60019  53.1510 137.8392 0001387  96.7880  16.7175 15.90897473  1543
STARLINK-31883          
1 60020U 24111E   24168.91667824 -.00866899  23407-3 -26861-2 0  9993
2 60020  53.1510 137.8337 0001370 103.9739  12.1354 15.90957890  1549
STARLINK-31967          
1 60021U 24111F   24168.91667824 -.00866109  23374-3 -26799-2 0  9991
2 60021  53.1510 137.8311 0001370  92.8006  24.6264 15.90984986  1707
STARLINK-31982          
1 60022U 24111G   24168.91667824 -.00877326  23936-3 -27069-2 0  9990
2 60022  53.1510 137.8259 0001399 101.8449  18.0300 15.91042553  1548
STARLINK-31992          
1 60023U 24111H   24168.91667824 -.00897180  24945-3 -27549-2 0  9995
2 60023  53.1511 137.8175 0001049 112.5992  11.4496 15.91140694  1549
STARLINK-31990          
1 60024U 24111J   24168.91667824 -.00881942  24174-3 -27150-2 0  9997
2 60024  53.1511 137.8219 0001312  88.1961  33.7120 15.91087649  1547
STARLINK-31864          
1 60025U 24111K   24168.91667824 -.00897271  24959-3 -27493-2 0  9991
2 60025  53.1511 137.8136 0001337  96.5963  29.3750 15.91181611  1609
STARLINK-31939          
1 60026U 24111L   24168.91667824 -.00910334  25632-3 -27820-2 0  9991
2 60026  53.1511 137.8088 0001276 108.7821  19.4330 15.91235424  1546
STARLINK-32012          
1 60027U 24111M   24168.91667824 -.00912788  25768-3 -27830-2 0  9998
2 60027  53.1511 137.8044 0001345  92.7921  37.5705 15.91281036  1546
STARLINK-32008          
1 60028U 24111N   24168.91667824 -.00924259  26368-3 -28114-2 0  9998
2 60028  53.1513 137.8004 0001236 110.7165  21.6390 15.91328899  1548
STARLINK-32006          
1 60029U 24111P   24168.91667824 -.00927412  26540-3 -28156-2 0  9991
2 60029  53.1512 137.7968 0001063 115.9229  18.2053 15.91366984  1547
STARLINK-32011          
1 60030U 24111Q   24168.91667824 -.00930531  26715-3 -28177-2 0  9996
2 60030  53.1513 137.7921 0001498  90.9740  45.4866 15.91417196  1491
STARLINK-31878          
1 60031U 24111R   24168.91667824  .00641418  19501-3  12355-2 0  9994
2 60031  53.1510 137.6999 0001530 171.2868   9.4788 15.99905674  1599
STARLINK-32017          
1 60032U 24111S   24168.91667824 -.00941484  27309-3 -28384-2 0  9997
2 60032  53.1512 137.7838 0001396  84.9900  55.4884 15.91504510  1495
STARLINK-31998          
1 60033U 24111T   24168.91667824 -.00909937  25685-3 -27391-2 0  9997
2 60033  53.1511 137.7791 0001171  84.3484  58.3282 15.91528453  1705
STARLINK-32005          
1 60034U 24111U   24168.91667824 -.00959865  28305-3 -28809-2 0  9990
2 60034  53.1512 137.7757 0001217 107.9276  36.4683 15.91595069  1542
STARLINK-31981          
1 60035U 24111V   24168.91667824 -.00955020  28059-3 -28596-2 0  9999
2 60035  53.1512 137.7707 0001515 108.0231  38.6973 15.91639044  1540
STARLINK-31985          
1 60036U 24111W   24168.91667824 -.00975447  29169-3 -29134-2 0  9997
2 60036  53.1511 137.7660 0001168 107.7734  41.0915 15.91692606  1701
STARLINK-31918          
1 60037U 24111X   24168.91667824 -.00973479  29072-3 -29023-2 0  9991
2 60037  53.1511 137.7623 0001398 104.8166  45.7270 15.91726424  1546
STARLINK-11129 [DTC]    
1 60038U 24112A   24168.91667824 -.00815498  00000+0 -37293-2 0  9993
2 60038  53.1633 139.3970 0000929  96.5340 180.6720 15.84985680  2278
STARLINK-11140 [DTC]    
1 60039U 24112B   24168.91667824 -.00797289  00000+0 -35751-2 0  9998
2 60039  53.1633 139.3860 0001354 111.1906 171.2505 15.85342895  2275
STARLINK-11122 [DTC]    
1 60040U 24112C   24168.91667824 -.00788361  00000+0 -34766-2 0  9996
2 60040  53.1633 139.3745 0001162  96.1914 191.8788 15.85665308  2275
STARLINK-11149 [DTC]    
1 60041U 24112D   24168.91667824 -.00777382  00000+0 -33734-2 0  9992
2 60041  53.1632 139.3626 0001257  95.8946 197.8831 15.85967865  2299
STARLINK-11120 [DTC]    
1 60042U 24112E   24168.91667824 -.00772670  00000+0 -33022-2 0  9998
2 60042  53.1632 139.3512 0001132 107.3031 191.9268 15.86268527  2299
STARLINK-11086 [DTC]    
1 60043U 24112F   24168.91667824 -.00755457  00000+0 -31762-2 0  9992
2 60043  53.1633 139.3410 0001250 105.6658 198.4958 15.86560038  2295
STARLINK-11148 [DTC]    
1 60044U 24112G   24168.91667824 -.00681448  00000+0 -28090-2 0  9991
2 60044  53.1632 139.3302 0001274 111.6128 197.7561 15.86789061  2291
STARLINK-11116 [DTC]    
1 60045U 24112H   24168.91667824 -.00735973  00000+0 -30046-2 0  9999
2 60045  53.1634 139.3200 0001338  90.2027 224.1929 15.87108962  2291
STARLINK-11155 [DTC]    
1 60046U 24112J   24168.91667824 -.00740812  00000+0 -29857-2 0  9996
2 60046  53.1633 139.3094 0001037 100.9921 218.3579 15.87381397  2291
STARLINK-11163 [DTC]    
1 60047U 24112K   24168.91667824 -.00730120  00000+0 -29015-2 0  9994
2 60047  53.1631 139.2998 0001203 112.8396 211.1860 15.87638024  2291
STARLINK-11135 [DTC]    
1 60048U 24112L   24168.91667824 -.00203595  24573-4 -57563-3 0  9992
2 60048  53.1634 139.2555 0001396 116.7974 228.6924 15.92417982  2267
STARLINK-11151 [DTC]    
1 60049U 24112M   24168.91667824 -.00714457  00000+0 -27656-2 0  9990
2 60049  53.1633 139.2789 0001248  84.8587 249.2446 15.88127630  2291
STARLINK-11137 [DTC]    
1 60050U 24112N   24168.91667824 -.00716814  00000+0 -27418-2 0  9997
2 60050  53.1633 139.2689 0000969  84.9733 253.8257 15.88372765  2297
STARLINK-31811          
1 60051U 24112P   24168.91667824 -.00834227  00000+0 -31120-2 0  9992
2 60051  53.1624 139.1943 0000868  75.5615 299.0719 15.89132860  2299
STARLINK-31775          
1 60052U 24112Q   24168.91667824 -.00817364  00000+0 -30578-2 0  9992
2 60052  53.1627 139.2011 0000857  66.6001 304.7823 15.89038921  2134
STARLINK-31793          
1 60053U 24112R   24168.91667824 -.00874352  00000+0 -32306-2 0  9994
2 60053  53.1624 139.1731 0000727 101.1373 283.7083 15.89412333  2231
STARLINK-31735          
1 60054U 24112S   24168.91667824 -.00886078  00000+0 -32630-2 0  9993
2 60054  53.1623 139.1663 0001145 101.1770 286.9401 15.89500511  2135
STARLINK-31788          
1 60055U 24112T   24168.91667824 -.00860478  00000+0 -31895-2 0  9992
2 60055  53.1627 139.1804 0000821  77.5908 303.7583 15.89317749  2189
STARLINK-31825          
1 60056U 24112U   24168.91667824 -.00842242  00000+0 -31320-2 0  9995
2 60056  53.1626 139.1886 0001200 101.0564 276.3658 15.89210092  2138
STARLINK-31437          
1 60057U 24112V   24168.91667824 -.00887116  00000+0 -32598-2 0  9993
2 60057  53.1624 139.1634 0001017  91.0040 298.5789 15.89546177  2295